 0.00000000e+00  0.00000000e+00  0.00000000e+00 -1.11396009e-10 
 1.00000000e-02  1.00000000e-02  1.00000000e-02 -1.12088169e-10 
 2.00000000e-02  2.00000000e-02  2.00000000e-02 -1.13463554e-10 
 3.00000000e-02  3.00000000e-02  3.00000000e-02 -1.15507076e-10 
 4.00000000e-02  4.00000000e-02  4.00000000e-02 -1.18421707e-10 
 5.00000000e-02  5.00000000e-02  5.00000000e-02 -1.22473437e-10 
 6.00000000e-02  6.00000000e-02  6.00000000e-02 -1.28010618e-10 
 7.00000000e-02  7.00000000e-02  7.00000000e-02 -1.35489501e-10 
 8.00000000e-02  8.00000000e-02  8.00000000e-02 -1.46934265e-10 
 9.00000000e-02  9.00000000e-02  9.00000000e-02 -1.60715155e-10 
 1.00000000e-01  1.00000000e-01  1.00000000e-01 -1.78981507e-10 
 1.10000000e-01  1.10000000e-01  1.10000000e-01 -2.03121231e-10 
 1.20000000e-01  1.20000000e-01  1.20000000e-01 -2.34954142e-10 
 1.30000000e-01  1.30000000e-01  1.30000000e-01 -2.76866840e-10 
 1.40000000e-01  1.40000000e-01  1.40000000e-01 -3.31989732e-10 
 1.50000000e-01  1.50000000e-01  1.50000000e-01 -4.04429432e-10 
 1.60000000e-01  1.60000000e-01  1.60000000e-01 -4.99573748e-10 
 1.70000000e-01  1.70000000e-01  1.70000000e-01 -6.24491867e-10 
 1.80000000e-01  1.80000000e-01  1.80000000e-01 -7.88459261e-10 
 1.90000000e-01  1.90000000e-01  1.90000000e-01 -1.00364584e-09 
 2.00000000e-01  2.00000000e-01  2.00000000e-01 -1.28601747e-09 
 2.10000000e-01  2.10000000e-01  2.10000000e-01 -1.65651578e-09 
 2.20000000e-01  2.20000000e-01  2.20000000e-01 -2.14260010e-09 
 2.30000000e-01  2.30000000e-01  2.30000000e-01 -2.78025896e-09 
 2.40000000e-01  2.40000000e-01  2.40000000e-01 -3.61662741e-09 
 2.50000000e-01  2.50000000e-01  2.50000000e-01 -4.71338140e-09 
 2.60000000e-01  2.60000000e-01  2.60000000e-01 -6.15112009e-09 
 2.70000000e-01  2.70000000e-01  2.70000000e-01 -8.03498947e-09 
 2.80000000e-01  2.80000000e-01  2.80000000e-01 -1.05018411e-08 
 2.90000000e-01  2.90000000e-01  2.90000000e-01 -1.37292462e-08 
 3.00000000e-01  3.00000000e-01  3.00000000e-01 -1.79466811e-08 
 3.10000000e-01  3.10000000e-01  3.10000000e-01 -2.34491303e-08 
 3.20000000e-01  3.20000000e-01  3.20000000e-01 -3.06131795e-08 
 3.30000000e-01  3.30000000e-01  3.30000000e-01 -3.99153202e-08 
 3.40000000e-01  3.40000000e-01  3.40000000e-01 -5.19516101e-08 
 3.50000000e-01  3.50000000e-01  3.50000000e-01 -6.74569692e-08 
 3.60000000e-01  3.60000000e-01  3.60000000e-01 -8.73213084e-08 
 3.70000000e-01  3.70000000e-01  3.70000000e-01 -1.12598597e-07 
 3.80000000e-01  3.80000000e-01  3.80000000e-01 -1.44504400e-07 
 3.90000000e-01  3.90000000e-01  3.90000000e-01 -1.84398101e-07 
 4.00000000e-01  4.00000000e-01  4.00000000e-01 -2.33748734e-07 
 4.10000000e-01  4.10000000e-01  4.10000000e-01 -2.94088053e-07 
 4.20000000e-01  4.20000000e-01  4.20000000e-01 -3.66959900e-07 
 4.30000000e-01  4.30000000e-01  4.30000000e-01 -4.53878205e-07 
 4.40000000e-01  4.40000000e-01  4.40000000e-01 -5.56304438e-07 
 4.50000000e-01  4.50000000e-01  4.50000000e-01 -6.75648603e-07 
 4.60000000e-01  4.60000000e-01  4.60000000e-01 -8.13289040e-07 
 4.70000000e-01  4.70000000e-01  4.70000000e-01 -9.70600061e-07 
 4.80000000e-01  4.80000000e-01  4.80000000e-01 -1.14897566e-06 
 4.90000000e-01  4.90000000e-01  4.90000000e-01 -1.34984157e-06 
 5.00000000e-01  5.00000000e-01  5.00000000e-01 -1.57465365e-06 
 5.10000000e-01  5.10000000e-01  5.10000000e-01 -1.82488500e-06 
 5.20000000e-01  5.20000000e-01  5.20000000e-01 -2.10200626e-06 
 5.30000000e-01  5.30000000e-01  5.30000000e-01 -2.40746338e-06 
 5.40000000e-01  5.40000000e-01  5.40000000e-01 -2.74265617e-06 
 5.50000000e-01  5.50000000e-01  5.50000000e-01 -3.10891940e-06 
 5.60000000e-01  5.60000000e-01  5.60000000e-01 -3.50750724e-06 
 5.70000000e-01  5.70000000e-01  5.70000000e-01 -3.93958103e-06 
 5.80000000e-01  5.80000000e-01  5.80000000e-01 -4.40620010e-06 
 5.90000000e-01  5.90000000e-01  5.90000000e-01 -4.90831508e-06 
 6.00000000e-01  6.00000000e-01  6.00000000e-01 -5.44676342e-06 
 6.10000000e-01  6.10000000e-01  6.10000000e-01 -6.02226634e-06 
 6.20000000e-01  6.20000000e-01  6.20000000e-01 -6.63542731e-06 
 6.30000000e-01  6.30000000e-01  6.30000000e-01 -7.28673125e-06 
 6.40000000e-01  6.40000000e-01  6.40000000e-01 -7.97654456e-06 
 6.50000000e-01  6.50000000e-01  6.50000000e-01 -8.70511541e-06 
 6.60000000e-01  6.60000000e-01  6.60000000e-01 -9.47257412e-06 
 6.70000000e-01  6.70000000e-01  6.70000000e-01 -1.02789331e-05 
 6.80000000e-01  6.80000000e-01  6.80000000e-01 -1.11240855e-05 
 6.90000000e-01  6.90000000e-01  6.90000000e-01 -1.20078028e-05 
 7.00000000e-01  7.00000000e-01  7.00000000e-01 -1.29297270e-05 
 7.10000000e-01  7.10000000e-01  7.10000000e-01 -1.38893590e-05 
 7.20000000e-01  7.20000000e-01  7.20000000e-01 -1.48860329e-05 
 7.30000000e-01  7.30000000e-01  7.30000000e-01 -1.59188696e-05 
 7.40000000e-01  7.40000000e-01  7.40000000e-01 -1.69866828e-05 
 7.50000000e-01  7.50000000e-01  7.50000000e-01 -1.80877759e-05 
 7.60000000e-01  7.60000000e-01  7.60000000e-01 -1.92194551e-05 
 7.70000000e-01  7.70000000e-01  7.70000000e-01 -2.03766690e-05 
 7.80000000e-01  7.80000000e-01  7.80000000e-01 -2.15474285e-05 
 7.90000000e-01  7.90000000e-01  7.90000000e-01 -2.26908536e-05 
 8.00000000e-01  8.00000000e-01  8.00000000e-01 -2.35935374e-05 
 8.10000000e-01  8.10000000e-01  8.10000000e-01 -2.30008308e-05 
 8.20000000e-01  8.20000000e-01  8.20000000e-01 -2.16841652e-05 
 8.30000000e-01  8.30000000e-01  8.30000000e-01 -2.03320214e-05 
 8.40000000e-01  8.40000000e-01  8.40000000e-01 -1.90049259e-05 
 8.50000000e-01  8.50000000e-01  8.50000000e-01 -1.77174150e-05 
 8.60000000e-01  8.60000000e-01  8.60000000e-01 -1.64745341e-05 
 8.70000000e-01  8.70000000e-01  8.70000000e-01 -1.52785392e-05 
 8.80000000e-01  8.80000000e-01  8.80000000e-01 -1.41307021e-05 
 8.90000000e-01  8.90000000e-01  8.90000000e-01 -1.30317460e-05 
 9.00000000e-01  9.00000000e-01  9.00000000e-01 -1.19820923e-05 
 9.10000000e-01  9.10000000e-01  9.10000000e-01 -1.09819531e-05 
 9.20000000e-01  9.20000000e-01  9.20000000e-01 -1.00313799e-05 
 9.30000000e-01  9.30000000e-01  9.30000000e-01 -9.13029169e-06 
 9.40000000e-01  9.40000000e-01  9.40000000e-01 -8.27849200e-06 
 9.50000000e-01  9.50000000e-01  9.50000000e-01 -7.47567962e-06 
 9.60000000e-01  9.60000000e-01  9.60000000e-01 -6.72145535e-06 
 9.70000000e-01  9.70000000e-01  9.70000000e-01 -6.01532571e-06 
 9.80000000e-01  9.80000000e-01  9.80000000e-01 -5.35670420e-06 
 9.90000000e-01  9.90000000e-01  9.90000000e-01 -4.74491013e-06 
 1.00000000e+00  1.00000000e+00  1.00000000e+00 -4.17916510e-06 
 1.01000000e+00  1.01000000e+00  1.01000000e+00 -3.65858664e-06 
 1.02000000e+00  1.02000000e+00  1.02000000e+00 -3.18217891e-06 
 1.03000000e+00  1.03000000e+00  1.03000000e+00 -2.74882010e-06 
 1.04000000e+00  1.04000000e+00  1.04000000e+00 -2.35724643e-06 
 1.05000000e+00  1.05000000e+00  1.05000000e+00 -2.00603315e-06 
 1.06000000e+00  1.06000000e+00  1.06000000e+00 -1.69357379e-06 
 1.07000000e+00  1.07000000e+00  1.07000000e+00 -1.41805957e-06 
 1.08000000e+00  1.08000000e+00  1.08000000e+00 -1.17746279e-06 
 1.09000000e+00  1.09000000e+00  1.09000000e+00 -9.69528782e-07 
 1.10000000e+00  1.10000000e+00  1.10000000e+00 -7.91782331e-07 
 1.11000000e+00  1.11000000e+00  1.11000000e+00 -6.41553576e-07 
 1.12000000e+00  1.12000000e+00  1.12000000e+00 -5.16026696e-07 
 1.13000000e+00  1.13000000e+00  1.13000000e+00 -4.12310260e-07 
 1.14000000e+00  1.14000000e+00  1.14000000e+00 -3.27523060e-07 
 1.15000000e+00  1.15000000e+00  1.15000000e+00 -2.58884645e-07 
 1.16000000e+00  1.16000000e+00  1.16000000e+00 -2.03797827e-07 
 1.17000000e+00  1.17000000e+00  1.17000000e+00 -1.59912124e-07 
 1.18000000e+00  1.18000000e+00  1.18000000e+00 -1.25161853e-07 
 1.19000000e+00  1.19000000e+00  1.19000000e+00 -9.77783914e-08 
 1.20000000e+00  1.20000000e+00  1.20000000e+00 -7.62808385e-08 
 1.21000000e+00  1.21000000e+00  1.21000000e+00 -5.94517408e-08 
 1.22000000e+00  1.22000000e+00  1.22000000e+00 -4.63047314e-08 
 1.23000000e+00  1.23000000e+00  1.23000000e+00 -3.60496372e-08 
 1.24000000e+00  1.24000000e+00  1.24000000e+00 -2.80588265e-08 
 1.25000000e+00  1.25000000e+00  1.25000000e+00 -2.18369098e-08 
 1.26000000e+00  1.26000000e+00  1.26000000e+00 -1.69946723e-08 
 1.27000000e+00  1.27000000e+00  1.27000000e+00 -1.32273312e-08 
 1.28000000e+00  1.28000000e+00  1.28000000e+00 -1.02967849e-08 
 1.29000000e+00  1.29000000e+00  1.29000000e+00 -8.01733681e-09 
 1.30000000e+00  1.30000000e+00  1.30000000e+00 -6.24433112e-09 
 1.31000000e+00  1.31000000e+00  1.31000000e+00 -4.86517419e-09 
 1.32000000e+00  1.32000000e+00  1.32000000e+00 -3.79227620e-09 
 1.33000000e+00  1.33000000e+00  1.33000000e+00 -2.95752280e-09 
 1.34000000e+00  1.34000000e+00  1.34000000e+00 -2.30795620e-09 
 1.35000000e+00  1.35000000e+00  1.35000000e+00 -1.80240712e-09 
 1.36000000e+00  1.36000000e+00  1.36000000e+00 -1.40887174e-09 
 1.37000000e+00  1.37000000e+00  1.37000000e+00 -1.10247056e-09 
 1.38000000e+00  1.38000000e+00  1.38000000e+00 -8.63861134e-10 
 1.39000000e+00  1.39000000e+00  1.39000000e+00 -6.78004222e-10 
 1.40000000e+00  1.40000000e+00  1.40000000e+00 -5.33204928e-10 
 1.41000000e+00  1.41000000e+00  1.41000000e+00 -4.20367660e-10 
 1.42000000e+00  1.42000000e+00  1.42000000e+00 -3.32417265e-10 
 1.43000000e+00  1.43000000e+00  1.43000000e+00 -2.63849270e-10 
 1.44000000e+00  1.44000000e+00  1.44000000e+00 -2.10380430e-10 
 1.45000000e+00  1.45000000e+00  1.45000000e+00 -1.68677186e-10 
 1.46000000e+00  1.46000000e+00  1.46000000e+00 -1.36144635e-10 
 1.47000000e+00  1.47000000e+00  1.47000000e+00 -1.10762515e-10 
 1.48000000e+00  1.48000000e+00  1.48000000e+00 -9.09576969e-11 
 1.49000000e+00  1.49000000e+00  1.49000000e+00 -7.55050550e-11 
 1.50000000e+00  1.50000000e+00  1.50000000e+00 -6.34503643e-11 
