 0.00000000e+00  1.49999967e+00 
 1.00000000e-03  1.49999967e+00 
 2.00000000e-03  1.49999967e+00 
 3.00000000e-03  1.49999967e+00 
 4.00000000e-03  1.49999967e+00 
 5.00000000e-03  1.49999967e+00 
 6.00000000e-03  1.49999967e+00 
 7.00000000e-03  1.49999967e+00 
 8.00000000e-03  1.49999967e+00 
 9.00000000e-03  1.49999967e+00 
 1.00000000e-02  1.49999966e+00 
 1.10000000e-02  1.49999966e+00 
 1.20000000e-02  1.49999966e+00 
 1.30000000e-02  1.49999966e+00 
 1.40000000e-02  1.49999966e+00 
 1.50000000e-02  1.49999966e+00 
 1.60000000e-02  1.49999966e+00 
 1.70000000e-02  1.49999966e+00 
 1.80000000e-02  1.49999966e+00 
 1.90000000e-02  1.49999965e+00 
 2.00000000e-02  1.49999965e+00 
 2.10000000e-02  1.49999965e+00 
 2.20000000e-02  1.49999965e+00 
 2.30000000e-02  1.49999965e+00 
 2.40000000e-02  1.49999965e+00 
 2.50000000e-02  1.49999965e+00 
 2.60000000e-02  1.49999964e+00 
 2.70000000e-02  1.49999964e+00 
 2.80000000e-02  1.49999964e+00 
 2.90000000e-02  1.49999964e+00 
 3.00000000e-02  1.49999964e+00 
 3.10000000e-02  1.49999964e+00 
 3.20000000e-02  1.49999963e+00 
 3.30000000e-02  1.49999963e+00 
 3.40000000e-02  1.49999963e+00 
 3.50000000e-02  1.49999963e+00 
 3.60000000e-02  1.49999963e+00 
 3.70000000e-02  1.49999963e+00 
 3.80000000e-02  1.49999962e+00 
 3.90000000e-02  1.49999962e+00 
 4.00000000e-02  1.49999962e+00 
 4.10000000e-02  1.49999962e+00 
 4.20000000e-02  1.49999961e+00 
 4.30000000e-02  1.49999961e+00 
 4.40000000e-02  1.49999961e+00 
 4.50000000e-02  1.49999961e+00 
 4.60000000e-02  1.49999960e+00 
 4.70000000e-02  1.49999960e+00 
 4.80000000e-02  1.49999960e+00 
 4.90000000e-02  1.49999960e+00 
 5.00000000e-02  1.49999959e+00 
 5.10000000e-02  1.49999959e+00 
 5.20000000e-02  1.49999959e+00 
 5.30000000e-02  1.49999958e+00 
 5.40000000e-02  1.49999958e+00 
 5.50000000e-02  1.49999958e+00 
 5.60000000e-02  1.49999957e+00 
 5.70000000e-02  1.49999957e+00 
 5.80000000e-02  1.49999957e+00 
 5.90000000e-02  1.49999956e+00 
 6.00000000e-02  1.49999956e+00 
 6.10000000e-02  1.49999956e+00 
 6.20000000e-02  1.49999955e+00 
 6.30000000e-02  1.49999955e+00 
 6.40000000e-02  1.49999954e+00 
 6.50000000e-02  1.49999954e+00 
 6.60000000e-02  1.49999954e+00 
 6.70000000e-02  1.49999953e+00 
 6.80000000e-02  1.49999953e+00 
 6.90000000e-02  1.49999952e+00 
 7.00000000e-02  1.49999952e+00 
 7.10000000e-02  1.49999951e+00 
 7.20000000e-02  1.49999951e+00 
 7.30000000e-02  1.49999950e+00 
 7.40000000e-02  1.49999949e+00 
 7.50000000e-02  1.49999949e+00 
 7.60000000e-02  1.49999948e+00 
 7.70000000e-02  1.49999948e+00 
 7.80000000e-02  1.49999947e+00 
 7.90000000e-02  1.49999947e+00 
 8.00000000e-02  1.49999946e+00 
 8.10000000e-02  1.49999945e+00 
 8.20000000e-02  1.49999945e+00 
 8.30000000e-02  1.49999944e+00 
 8.40000000e-02  1.49999943e+00 
 8.50000000e-02  1.49999942e+00 
 8.60000000e-02  1.49999942e+00 
 8.70000000e-02  1.49999941e+00 
 8.80000000e-02  1.49999940e+00 
 8.90000000e-02  1.49999939e+00 
 9.00000000e-02  1.49999938e+00 
 9.10000000e-02  1.49999937e+00 
 9.20000000e-02  1.49999937e+00 
 9.30000000e-02  1.49999936e+00 
 9.40000000e-02  1.49999935e+00 
 9.50000000e-02  1.49999934e+00 
 9.60000000e-02  1.49999933e+00 
 9.70000000e-02  1.49999932e+00 
 9.80000000e-02  1.49999931e+00 
 9.90000000e-02  1.49999930e+00 
 1.00000000e-01  1.49999928e+00 
 1.01000000e-01  1.49999927e+00 
 1.02000000e-01  1.49999926e+00 
 1.03000000e-01  1.49999925e+00 
 1.04000000e-01  1.49999924e+00 
 1.05000000e-01  1.49999922e+00 
 1.06000000e-01  1.49999921e+00 
 1.07000000e-01  1.49999920e+00 
 1.08000000e-01  1.49999918e+00 
 1.09000000e-01  1.49999917e+00 
 1.10000000e-01  1.49999915e+00 
 1.11000000e-01  1.49999914e+00 
 1.12000000e-01  1.49999912e+00 
 1.13000000e-01  1.49999911e+00 
 1.14000000e-01  1.49999909e+00 
 1.15000000e-01  1.49999908e+00 
 1.16000000e-01  1.49999906e+00 
 1.17000000e-01  1.49999904e+00 
 1.18000000e-01  1.49999902e+00 
 1.19000000e-01  1.49999900e+00 
 1.20000000e-01  1.49999898e+00 
 1.21000000e-01  1.49999897e+00 
 1.22000000e-01  1.49999894e+00 
 1.23000000e-01  1.49999892e+00 
 1.24000000e-01  1.49999890e+00 
 1.25000000e-01  1.49999888e+00 
 1.26000000e-01  1.49999886e+00 
 1.27000000e-01  1.49999883e+00 
 1.28000000e-01  1.49999881e+00 
 1.29000000e-01  1.49999879e+00 
 1.30000000e-01  1.49999876e+00 
 1.31000000e-01  1.49999874e+00 
 1.32000000e-01  1.49999871e+00 
 1.33000000e-01  1.49999868e+00 
 1.34000000e-01  1.49999865e+00 
 1.35000000e-01  1.49999862e+00 
 1.36000000e-01  1.49999859e+00 
 1.37000000e-01  1.49999856e+00 
 1.38000000e-01  1.49999853e+00 
 1.39000000e-01  1.49999850e+00 
 1.40000000e-01  1.49999847e+00 
 1.41000000e-01  1.49999843e+00 
 1.42000000e-01  1.49999840e+00 
 1.43000000e-01  1.49999836e+00 
 1.44000000e-01  1.49999833e+00 
 1.45000000e-01  1.49999829e+00 
 1.46000000e-01  1.49999825e+00 
 1.47000000e-01  1.49999821e+00 
 1.48000000e-01  1.49999817e+00 
 1.49000000e-01  1.49999813e+00 
 1.50000000e-01  1.49999808e+00 
 1.51000000e-01  1.49999804e+00 
 1.52000000e-01  1.49999799e+00 
 1.53000000e-01  1.49999794e+00 
 1.54000000e-01  1.49999790e+00 
 1.55000000e-01  1.49999785e+00 
 1.56000000e-01  1.49999779e+00 
 1.57000000e-01  1.49999774e+00 
 1.58000000e-01  1.49999769e+00 
 1.59000000e-01  1.49999763e+00 
 1.60000000e-01  1.49999758e+00 
 1.61000000e-01  1.49999752e+00 
 1.62000000e-01  1.49999746e+00 
 1.63000000e-01  1.49999739e+00 
 1.64000000e-01  1.49999733e+00 
 1.65000000e-01  1.49999727e+00 
 1.66000000e-01  1.49999720e+00 
 1.67000000e-01  1.49999713e+00 
 1.68000000e-01  1.49999706e+00 
 1.69000000e-01  1.49999698e+00 
 1.70000000e-01  1.49999691e+00 
 1.71000000e-01  1.49999683e+00 
 1.72000000e-01  1.49999675e+00 
 1.73000000e-01  1.49999667e+00 
 1.74000000e-01  1.49999659e+00 
 1.75000000e-01  1.49999650e+00 
 1.76000000e-01  1.49999641e+00 
 1.77000000e-01  1.49999632e+00 
 1.78000000e-01  1.49999623e+00 
 1.79000000e-01  1.49999613e+00 
 1.80000000e-01  1.49999603e+00 
 1.81000000e-01  1.49999593e+00 
 1.82000000e-01  1.49999583e+00 
 1.83000000e-01  1.49999572e+00 
 1.84000000e-01  1.49999561e+00 
 1.85000000e-01  1.49999550e+00 
 1.86000000e-01  1.49999538e+00 
 1.87000000e-01  1.49999526e+00 
 1.88000000e-01  1.49999514e+00 
 1.89000000e-01  1.49999501e+00 
 1.90000000e-01  1.49999488e+00 
 1.91000000e-01  1.49999475e+00 
 1.92000000e-01  1.49999461e+00 
 1.93000000e-01  1.49999447e+00 
 1.94000000e-01  1.49999433e+00 
 1.95000000e-01  1.49999418e+00 
 1.96000000e-01  1.49999402e+00 
 1.97000000e-01  1.49999387e+00 
 1.98000000e-01  1.49999370e+00 
 1.99000000e-01  1.49999354e+00 
 2.00000000e-01  1.49999337e+00 
 2.01000000e-01  1.49999319e+00 
 2.02000000e-01  1.49999301e+00 
 2.03000000e-01  1.49999283e+00 
 2.04000000e-01  1.49999264e+00 
 2.05000000e-01  1.49999244e+00 
 2.06000000e-01  1.49999224e+00 
 2.07000000e-01  1.49999203e+00 
 2.08000000e-01  1.49999182e+00 
 2.09000000e-01  1.49999160e+00 
 2.10000000e-01  1.49999137e+00 
 2.11000000e-01  1.49999114e+00 
 2.12000000e-01  1.49999091e+00 
 2.13000000e-01  1.49999066e+00 
 2.14000000e-01  1.49999041e+00 
 2.15000000e-01  1.49999015e+00 
 2.16000000e-01  1.49998989e+00 
 2.17000000e-01  1.49998962e+00 
 2.18000000e-01  1.49998934e+00 
 2.19000000e-01  1.49998905e+00 
 2.20000000e-01  1.49998875e+00 
 2.21000000e-01  1.49998845e+00 
 2.22000000e-01  1.49998814e+00 
 2.23000000e-01  1.49998782e+00 
 2.24000000e-01  1.49998749e+00 
 2.25000000e-01  1.49998715e+00 
 2.26000000e-01  1.49998680e+00 
 2.27000000e-01  1.49998644e+00 
 2.28000000e-01  1.49998607e+00 
 2.29000000e-01  1.49998569e+00 
 2.30000000e-01  1.49998530e+00 
 2.31000000e-01  1.49998490e+00 
 2.32000000e-01  1.49998449e+00 
 2.33000000e-01  1.49998407e+00 
 2.34000000e-01  1.49998363e+00 
 2.35000000e-01  1.49998319e+00 
 2.36000000e-01  1.49998273e+00 
 2.37000000e-01  1.49998226e+00 
 2.38000000e-01  1.49998177e+00 
 2.39000000e-01  1.49998128e+00 
 2.40000000e-01  1.49998076e+00 
 2.41000000e-01  1.49998024e+00 
 2.42000000e-01  1.49997970e+00 
 2.43000000e-01  1.49997914e+00 
 2.44000000e-01  1.49997857e+00 
 2.45000000e-01  1.49997798e+00 
 2.46000000e-01  1.49997738e+00 
 2.47000000e-01  1.49997676e+00 
 2.48000000e-01  1.49997612e+00 
 2.49000000e-01  1.49997546e+00 
 2.50000000e-01  1.49997479e+00 
 2.51000000e-01  1.49997410e+00 
 2.52000000e-01  1.49997339e+00 
 2.53000000e-01  1.49997265e+00 
 2.54000000e-01  1.49997190e+00 
 2.55000000e-01  1.49997113e+00 
 2.56000000e-01  1.49997034e+00 
 2.57000000e-01  1.49996952e+00 
 2.58000000e-01  1.49996868e+00 
 2.59000000e-01  1.49996782e+00 
 2.60000000e-01  1.49996693e+00 
 2.61000000e-01  1.49996602e+00 
 2.62000000e-01  1.49996508e+00 
 2.63000000e-01  1.49996412e+00 
 2.64000000e-01  1.49996313e+00 
 2.65000000e-01  1.49996212e+00 
 2.66000000e-01  1.49996107e+00 
 2.67000000e-01  1.49996000e+00 
 2.68000000e-01  1.49995890e+00 
 2.69000000e-01  1.49995776e+00 
 2.70000000e-01  1.49995660e+00 
 2.71000000e-01  1.49995540e+00 
 2.72000000e-01  1.49995417e+00 
 2.73000000e-01  1.49995290e+00 
 2.74000000e-01  1.49995160e+00 
 2.75000000e-01  1.49995027e+00 
 2.76000000e-01  1.49994890e+00 
 2.77000000e-01  1.49994749e+00 
 2.78000000e-01  1.49994604e+00 
 2.79000000e-01  1.49994455e+00 
 2.80000000e-01  1.49994301e+00 
 2.81000000e-01  1.49994144e+00 
 2.82000000e-01  1.49993982e+00 
 2.83000000e-01  1.49993816e+00 
 2.84000000e-01  1.49993645e+00 
 2.85000000e-01  1.49993470e+00 
 2.86000000e-01  1.49993290e+00 
 2.87000000e-01  1.49993104e+00 
 2.88000000e-01  1.49992914e+00 
 2.89000000e-01  1.49992718e+00 
 2.90000000e-01  1.49992517e+00 
 2.91000000e-01  1.49992311e+00 
 2.92000000e-01  1.49992098e+00 
 2.93000000e-01  1.49991880e+00 
 2.94000000e-01  1.49991656e+00 
 2.95000000e-01  1.49991426e+00 
 2.96000000e-01  1.49991189e+00 
 2.97000000e-01  1.49990946e+00 
 2.98000000e-01  1.49990697e+00 
 2.99000000e-01  1.49990440e+00 
 3.00000000e-01  1.49990176e+00 
 3.01000000e-01  1.49989905e+00 
 3.02000000e-01  1.49989627e+00 
 3.03000000e-01  1.49989341e+00 
 3.04000000e-01  1.49989048e+00 
 3.05000000e-01  1.49988746e+00 
 3.06000000e-01  1.49988436e+00 
 3.07000000e-01  1.49988117e+00 
 3.08000000e-01  1.49987790e+00 
 3.09000000e-01  1.49987454e+00 
 3.10000000e-01  1.49987109e+00 
 3.11000000e-01  1.49986755e+00 
 3.12000000e-01  1.49986390e+00 
 3.13000000e-01  1.49986016e+00 
 3.14000000e-01  1.49985632e+00 
 3.15000000e-01  1.49985237e+00 
 3.16000000e-01  1.49984832e+00 
 3.17000000e-01  1.49984416e+00 
 3.18000000e-01  1.49983988e+00 
 3.19000000e-01  1.49983549e+00 
 3.20000000e-01  1.49983098e+00 
 3.21000000e-01  1.49982635e+00 
 3.22000000e-01  1.49982160e+00 
 3.23000000e-01  1.49981671e+00 
 3.24000000e-01  1.49981170e+00 
 3.25000000e-01  1.49980655e+00 
 3.26000000e-01  1.49980126e+00 
 3.27000000e-01  1.49979584e+00 
 3.28000000e-01  1.49979026e+00 
 3.29000000e-01  1.49978454e+00 
 3.30000000e-01  1.49977867e+00 
 3.31000000e-01  1.49977264e+00 
 3.32000000e-01  1.49976645e+00 
 3.33000000e-01  1.49976009e+00 
 3.34000000e-01  1.49975357e+00 
 3.35000000e-01  1.49974687e+00 
 3.36000000e-01  1.49974000e+00 
 3.37000000e-01  1.49973295e+00 
 3.38000000e-01  1.49972571e+00 
 3.39000000e-01  1.49971828e+00 
 3.40000000e-01  1.49971065e+00 
 3.41000000e-01  1.49970283e+00 
 3.42000000e-01  1.49969480e+00 
 3.43000000e-01  1.49968656e+00 
 3.44000000e-01  1.49967811e+00 
 3.45000000e-01  1.49966944e+00 
 3.46000000e-01  1.49966054e+00 
 3.47000000e-01  1.49965142e+00 
 3.48000000e-01  1.49964205e+00 
 3.49000000e-01  1.49963245e+00 
 3.50000000e-01  1.49962260e+00 
 3.51000000e-01  1.49961250e+00 
 3.52000000e-01  1.49960214e+00 
 3.53000000e-01  1.49959151e+00 
 3.54000000e-01  1.49958062e+00 
 3.55000000e-01  1.49956945e+00 
 3.56000000e-01  1.49955799e+00 
 3.57000000e-01  1.49954625e+00 
 3.58000000e-01  1.49953421e+00 
 3.59000000e-01  1.49952187e+00 
 3.60000000e-01  1.49950921e+00 
 3.61000000e-01  1.49949625e+00 
 3.62000000e-01  1.49948296e+00 
 3.63000000e-01  1.49946934e+00 
 3.64000000e-01  1.49945538e+00 
 3.65000000e-01  1.49944108e+00 
 3.66000000e-01  1.49942643e+00 
 3.67000000e-01  1.49941141e+00 
 3.68000000e-01  1.49939604e+00 
 3.69000000e-01  1.49938028e+00 
 3.70000000e-01  1.49936415e+00 
 3.71000000e-01  1.49934762e+00 
 3.72000000e-01  1.49933070e+00 
 3.73000000e-01  1.49931337e+00 
 3.74000000e-01  1.49929563e+00 
 3.75000000e-01  1.49927746e+00 
 3.76000000e-01  1.49925886e+00 
 3.77000000e-01  1.49923983e+00 
 3.78000000e-01  1.49922034e+00 
 3.79000000e-01  1.49920040e+00 
 3.80000000e-01  1.49918000e+00 
 3.81000000e-01  1.49915911e+00 
 3.82000000e-01  1.49913775e+00 
 3.83000000e-01  1.49911590e+00 
 3.84000000e-01  1.49909354e+00 
 3.85000000e-01  1.49907067e+00 
 3.86000000e-01  1.49904728e+00 
 3.87000000e-01  1.49902337e+00 
 3.88000000e-01  1.49899891e+00 
 3.89000000e-01  1.49897391e+00 
 3.90000000e-01  1.49894835e+00 
 3.91000000e-01  1.49892223e+00 
 3.92000000e-01  1.49889552e+00 
 3.93000000e-01  1.49886823e+00 
 3.94000000e-01  1.49884035e+00 
 3.95000000e-01  1.49881186e+00 
 3.96000000e-01  1.49878275e+00 
 3.97000000e-01  1.49875302e+00 
 3.98000000e-01  1.49872265e+00 
 3.99000000e-01  1.49869164e+00 
 4.00000000e-01  1.49865997e+00 
 4.01000000e-01  1.49862764e+00 
 4.02000000e-01  1.49859463e+00 
 4.03000000e-01  1.49856093e+00 
 4.04000000e-01  1.49852654e+00 
 4.05000000e-01  1.49849144e+00 
 4.06000000e-01  1.49845562e+00 
 4.07000000e-01  1.49841908e+00 
 4.08000000e-01  1.49838180e+00 
 4.09000000e-01  1.49834378e+00 
 4.10000000e-01  1.49830499e+00 
 4.11000000e-01  1.49826544e+00 
 4.12000000e-01  1.49822511e+00 
 4.13000000e-01  1.49818399e+00 
 4.14000000e-01  1.49814207e+00 
 4.15000000e-01  1.49809934e+00 
 4.16000000e-01  1.49805579e+00 
 4.17000000e-01  1.49801142e+00 
 4.18000000e-01  1.49796620e+00 
 4.19000000e-01  1.49792013e+00 
 4.20000000e-01  1.49787320e+00 
 4.21000000e-01  1.49782539e+00 
 4.22000000e-01  1.49777671e+00 
 4.23000000e-01  1.49772713e+00 
 4.24000000e-01  1.49767665e+00 
 4.25000000e-01  1.49762526e+00 
 4.26000000e-01  1.49757294e+00 
 4.27000000e-01  1.49751969e+00 
 4.28000000e-01  1.49746549e+00 
 4.29000000e-01  1.49741034e+00 
 4.30000000e-01  1.49735422e+00 
 4.31000000e-01  1.49729713e+00 
 4.32000000e-01  1.49723905e+00 
 4.33000000e-01  1.49717997e+00 
 4.34000000e-01  1.49711989e+00 
 4.35000000e-01  1.49705879e+00 
 4.36000000e-01  1.49699666e+00 
 4.37000000e-01  1.49693349e+00 
 4.38000000e-01  1.49686928e+00 
 4.39000000e-01  1.49680400e+00 
 4.40000000e-01  1.49673766e+00 
 4.41000000e-01  1.49667023e+00 
 4.42000000e-01  1.49660171e+00 
 4.43000000e-01  1.49653209e+00 
 4.44000000e-01  1.49646136e+00 
 4.45000000e-01  1.49638951e+00 
 4.46000000e-01  1.49631652e+00 
 4.47000000e-01  1.49624239e+00 
 4.48000000e-01  1.49616710e+00 
 4.49000000e-01  1.49609064e+00 
 4.50000000e-01  1.49601301e+00 
 4.51000000e-01  1.49593419e+00 
 4.52000000e-01  1.49585417e+00 
 4.53000000e-01  1.49577295e+00 
 4.54000000e-01  1.49569050e+00 
 4.55000000e-01  1.49560682e+00 
 4.56000000e-01  1.49552189e+00 
 4.57000000e-01  1.49543572e+00 
 4.58000000e-01  1.49534827e+00 
 4.59000000e-01  1.49525955e+00 
 4.60000000e-01  1.49516955e+00 
 4.61000000e-01  1.49507824e+00 
 4.62000000e-01  1.49498562e+00 
 4.63000000e-01  1.49489168e+00 
 4.64000000e-01  1.49479640e+00 
 4.65000000e-01  1.49469978e+00 
 4.66000000e-01  1.49460180e+00 
 4.67000000e-01  1.49450245e+00 
 4.68000000e-01  1.49440172e+00 
 4.69000000e-01  1.49429960e+00 
 4.70000000e-01  1.49419607e+00 
 4.71000000e-01  1.49409112e+00 
 4.72000000e-01  1.49398474e+00 
 4.73000000e-01  1.49387692e+00 
 4.74000000e-01  1.49376765e+00 
 4.75000000e-01  1.49365690e+00 
 4.76000000e-01  1.49354468e+00 
 4.77000000e-01  1.49343096e+00 
 4.78000000e-01  1.49331574e+00 
 4.79000000e-01  1.49319900e+00 
 4.80000000e-01  1.49308073e+00 
 4.81000000e-01  1.49296091e+00 
 4.82000000e-01  1.49283954e+00 
 4.83000000e-01  1.49271660e+00 
 4.84000000e-01  1.49259207e+00 
 4.85000000e-01  1.49246594e+00 
 4.86000000e-01  1.49233820e+00 
 4.87000000e-01  1.49220884e+00 
 4.88000000e-01  1.49207784e+00 
 4.89000000e-01  1.49194518e+00 
 4.90000000e-01  1.49181086e+00 
 4.91000000e-01  1.49167487e+00 
 4.92000000e-01  1.49153717e+00 
 4.93000000e-01  1.49139777e+00 
 4.94000000e-01  1.49125664e+00 
 4.95000000e-01  1.49111378e+00 
 4.96000000e-01  1.49096917e+00 
 4.97000000e-01  1.49082279e+00 
 4.98000000e-01  1.49067463e+00 
 4.99000000e-01  1.49052468e+00 
 5.00000000e-01  1.49037291e+00 
 5.01000000e-01  1.49021932e+00 
 5.02000000e-01  1.49006389e+00 
 5.03000000e-01  1.48990661e+00 
 5.04000000e-01  1.48974746e+00 
 5.05000000e-01  1.48958642e+00 
 5.06000000e-01  1.48942347e+00 
 5.07000000e-01  1.48925862e+00 
 5.08000000e-01  1.48909183e+00 
 5.09000000e-01  1.48892309e+00 
 5.10000000e-01  1.48875239e+00 
 5.11000000e-01  1.48857971e+00 
 5.12000000e-01  1.48840504e+00 
 5.13000000e-01  1.48822835e+00 
 5.14000000e-01  1.48804964e+00 
 5.15000000e-01  1.48786889e+00 
 5.16000000e-01  1.48768607e+00 
 5.17000000e-01  1.48750118e+00 
 5.18000000e-01  1.48731420e+00 
 5.19000000e-01  1.48712511e+00 
 5.20000000e-01  1.48693389e+00 
 5.21000000e-01  1.48674053e+00 
 5.22000000e-01  1.48654501e+00 
 5.23000000e-01  1.48634731e+00 
 5.24000000e-01  1.48614742e+00 
 5.25000000e-01  1.48594532e+00 
 5.26000000e-01  1.48574100e+00 
 5.27000000e-01  1.48553442e+00 
 5.28000000e-01  1.48532559e+00 
 5.29000000e-01  1.48511447e+00 
 5.30000000e-01  1.48490106e+00 
 5.31000000e-01  1.48468533e+00 
 5.32000000e-01  1.48446727e+00 
 5.33000000e-01  1.48424686e+00 
 5.34000000e-01  1.48402408e+00 
 5.35000000e-01  1.48379891e+00 
 5.36000000e-01  1.48357133e+00 
 5.37000000e-01  1.48334133e+00 
 5.38000000e-01  1.48310889e+00 
 5.39000000e-01  1.48287399e+00 
 5.40000000e-01  1.48263661e+00 
 5.41000000e-01  1.48239673e+00 
 5.42000000e-01  1.48215433e+00 
 5.43000000e-01  1.48190939e+00 
 5.44000000e-01  1.48166190e+00 
 5.45000000e-01  1.48141184e+00 
 5.46000000e-01  1.48115918e+00 
 5.47000000e-01  1.48090391e+00 
 5.48000000e-01  1.48064600e+00 
 5.49000000e-01  1.48038544e+00 
 5.50000000e-01  1.48012220e+00 
 5.51000000e-01  1.47985628e+00 
 5.52000000e-01  1.47958764e+00 
 5.53000000e-01  1.47931627e+00 
 5.54000000e-01  1.47904214e+00 
 5.55000000e-01  1.47876524e+00 
 5.56000000e-01  1.47848554e+00 
 5.57000000e-01  1.47820302e+00 
 5.58000000e-01  1.47791767e+00 
 5.59000000e-01  1.47762947e+00 
 5.60000000e-01  1.47733838e+00 
 5.61000000e-01  1.47704439e+00 
 5.62000000e-01  1.47674748e+00 
 5.63000000e-01  1.47644762e+00 
 5.64000000e-01  1.47614480e+00 
 5.65000000e-01  1.47583899e+00 
 5.66000000e-01  1.47553016e+00 
 5.67000000e-01  1.47521831e+00 
 5.68000000e-01  1.47490340e+00 
 5.69000000e-01  1.47458541e+00 
 5.70000000e-01  1.47426432e+00 
 5.71000000e-01  1.47394010e+00 
 5.72000000e-01  1.47361274e+00 
 5.73000000e-01  1.47328220e+00 
 5.74000000e-01  1.47294847e+00 
 5.75000000e-01  1.47261152e+00 
 5.76000000e-01  1.47227133e+00 
 5.77000000e-01  1.47192787e+00 
 5.78000000e-01  1.47158112e+00 
 5.79000000e-01  1.47123104e+00 
 5.80000000e-01  1.47087763e+00 
 5.81000000e-01  1.47052085e+00 
 5.82000000e-01  1.47016067e+00 
 5.83000000e-01  1.46979708e+00 
 5.84000000e-01  1.46943004e+00 
 5.85000000e-01  1.46905953e+00 
 5.86000000e-01  1.46868552e+00 
 5.87000000e-01  1.46830799e+00 
 5.88000000e-01  1.46792690e+00 
 5.89000000e-01  1.46754224e+00 
 5.90000000e-01  1.46715397e+00 
 5.91000000e-01  1.46676206e+00 
 5.92000000e-01  1.46636649e+00 
 5.93000000e-01  1.46596723e+00 
 5.94000000e-01  1.46556425e+00 
 5.95000000e-01  1.46515752e+00 
 5.96000000e-01  1.46474701e+00 
 5.97000000e-01  1.46433269e+00 
 5.98000000e-01  1.46391453e+00 
 5.99000000e-01  1.46349250e+00 
 6.00000000e-01  1.46306657e+00 
 6.01000000e-01  1.46263671e+00 
 6.02000000e-01  1.46220289e+00 
 6.03000000e-01  1.46176507e+00 
 6.04000000e-01  1.46132322e+00 
 6.05000000e-01  1.46087731e+00 
 6.06000000e-01  1.46042731e+00 
 6.07000000e-01  1.45997317e+00 
 6.08000000e-01  1.45951488e+00 
 6.09000000e-01  1.45905239e+00 
 6.10000000e-01  1.45858567e+00 
 6.11000000e-01  1.45811468e+00 
 6.12000000e-01  1.45763939e+00 
 6.13000000e-01  1.45715976e+00 
 6.14000000e-01  1.45667575e+00 
 6.15000000e-01  1.45618733e+00 
 6.16000000e-01  1.45569445e+00 
 6.17000000e-01  1.45519709e+00 
 6.18000000e-01  1.45469519e+00 
 6.19000000e-01  1.45418873e+00 
 6.20000000e-01  1.45367765e+00 
 6.21000000e-01  1.45316193e+00 
 6.22000000e-01  1.45264151e+00 
 6.23000000e-01  1.45211635e+00 
 6.24000000e-01  1.45158642e+00 
 6.25000000e-01  1.45105167e+00 
 6.26000000e-01  1.45051206e+00 
 6.27000000e-01  1.44996753e+00 
 6.28000000e-01  1.44941805e+00 
 6.29000000e-01  1.44886356e+00 
 6.30000000e-01  1.44830403e+00 
 6.31000000e-01  1.44773939e+00 
 6.32000000e-01  1.44716962e+00 
 6.33000000e-01  1.44659464e+00 
 6.34000000e-01  1.44601442e+00 
 6.35000000e-01  1.44542890e+00 
 6.36000000e-01  1.44483804e+00 
 6.37000000e-01  1.44424177e+00 
 6.38000000e-01  1.44364004e+00 
 6.39000000e-01  1.44303280e+00 
 6.40000000e-01  1.44241999e+00 
 6.41000000e-01  1.44180155e+00 
 6.42000000e-01  1.44117744e+00 
 6.43000000e-01  1.44054757e+00 
 6.44000000e-01  1.43991191e+00 
 6.45000000e-01  1.43927038e+00 
 6.46000000e-01  1.43862292e+00 
 6.47000000e-01  1.43796946e+00 
 6.48000000e-01  1.43730995e+00 
 6.49000000e-01  1.43664432e+00 
 6.50000000e-01  1.43597249e+00 
 6.51000000e-01  1.43529439e+00 
 6.52000000e-01  1.43460997e+00 
 6.53000000e-01  1.43391914e+00 
 6.54000000e-01  1.43322183e+00 
 6.55000000e-01  1.43251796e+00 
 6.56000000e-01  1.43180746e+00 
 6.57000000e-01  1.43109025e+00 
 6.58000000e-01  1.43036625e+00 
 6.59000000e-01  1.42963537e+00 
 6.60000000e-01  1.42889753e+00 
 6.61000000e-01  1.42815265e+00 
 6.62000000e-01  1.42740064e+00 
 6.63000000e-01  1.42664140e+00 
 6.64000000e-01  1.42587484e+00 
 6.65000000e-01  1.42510088e+00 
 6.66000000e-01  1.42431940e+00 
 6.67000000e-01  1.42353032e+00 
 6.68000000e-01  1.42273353e+00 
 6.69000000e-01  1.42192893e+00 
 6.70000000e-01  1.42111641e+00 
 6.71000000e-01  1.42029587e+00 
 6.72000000e-01  1.41946718e+00 
 6.73000000e-01  1.41863024e+00 
 6.74000000e-01  1.41778492e+00 
 6.75000000e-01  1.41693111e+00 
 6.76000000e-01  1.41606868e+00 
 6.77000000e-01  1.41519750e+00 
 6.78000000e-01  1.41431745e+00 
 6.79000000e-01  1.41342839e+00 
 6.80000000e-01  1.41253017e+00 
 6.81000000e-01  1.41162266e+00 
 6.82000000e-01  1.41070571e+00 
 6.83000000e-01  1.40977918e+00 
 6.84000000e-01  1.40884290e+00 
 6.85000000e-01  1.40789672e+00 
 6.86000000e-01  1.40694047e+00 
 6.87000000e-01  1.40597398e+00 
 6.88000000e-01  1.40499709e+00 
 6.89000000e-01  1.40400960e+00 
 6.90000000e-01  1.40301135e+00 
 6.91000000e-01  1.40200213e+00 
 6.92000000e-01  1.40098175e+00 
 6.93000000e-01  1.39995001e+00 
 6.94000000e-01  1.39890670e+00 
 6.95000000e-01  1.39785160e+00 
 6.96000000e-01  1.39678450e+00 
 6.97000000e-01  1.39570515e+00 
 6.98000000e-01  1.39461333e+00 
 6.99000000e-01  1.39350878e+00 
 7.00000000e-01  1.39239126e+00 
 7.01000000e-01  1.39126050e+00 
 7.02000000e-01  1.39011623e+00 
 7.03000000e-01  1.38895816e+00 
 7.04000000e-01  1.38778600e+00 
 7.05000000e-01  1.38659946e+00 
 7.06000000e-01  1.38539821e+00 
 7.07000000e-01  1.38418193e+00 
 7.08000000e-01  1.38295029e+00 
 7.09000000e-01  1.38170293e+00 
 7.10000000e-01  1.38043949e+00 
 7.11000000e-01  1.37915959e+00 
 7.12000000e-01  1.37786283e+00 
 7.13000000e-01  1.37654882e+00 
 7.14000000e-01  1.37521712e+00 
 7.15000000e-01  1.37386728e+00 
 7.16000000e-01  1.37249886e+00 
 7.17000000e-01  1.37111136e+00 
 7.18000000e-01  1.36970428e+00 
 7.19000000e-01  1.36827711e+00 
 7.20000000e-01  1.36682929e+00 
 7.21000000e-01  1.36536026e+00 
 7.22000000e-01  1.36386941e+00 
 7.23000000e-01  1.36235613e+00 
 7.24000000e-01  1.36081976e+00 
 7.25000000e-01  1.35925962e+00 
 7.26000000e-01  1.35767499e+00 
 7.27000000e-01  1.35606512e+00 
 7.28000000e-01  1.35442923e+00 
 7.29000000e-01  1.35276648e+00 
 7.30000000e-01  1.35107601e+00 
 7.31000000e-01  1.34935691e+00 
 7.32000000e-01  1.34760821e+00 
 7.33000000e-01  1.34582890e+00 
 7.34000000e-01  1.34401792e+00 
 7.35000000e-01  1.34217414e+00 
 7.36000000e-01  1.34029637e+00 
 7.37000000e-01  1.33838337e+00 
 7.38000000e-01  1.33643380e+00 
 7.39000000e-01  1.33444626e+00 
 7.40000000e-01  1.33241926e+00 
 7.41000000e-01  1.33035123e+00 
 7.42000000e-01  1.32824050e+00 
 7.43000000e-01  1.32608529e+00 
 7.44000000e-01  1.32388370e+00 
 7.45000000e-01  1.32163373e+00 
 7.46000000e-01  1.31933323e+00 
 7.47000000e-01  1.31697991e+00 
 7.48000000e-01  1.31457134e+00 
 7.49000000e-01  1.31210488e+00 
 7.50000000e-01  1.30957775e+00 
 7.51000000e-01  1.30698695e+00 
 7.52000000e-01  1.30432924e+00 
 7.53000000e-01  1.30160117e+00 
 7.54000000e-01  1.29879901e+00 
 7.55000000e-01  1.29591874e+00 
 7.56000000e-01  1.29295602e+00 
 7.57000000e-01  1.28990617e+00 
 7.58000000e-01  1.28676410e+00 
 7.59000000e-01  1.28352430e+00 
 7.60000000e-01  1.28018081e+00 
 7.61000000e-01  1.27672710e+00 
 7.62000000e-01  1.27315611e+00 
 7.63000000e-01  1.26946008e+00 
 7.64000000e-01  1.26563057e+00 
 7.65000000e-01  1.26165832e+00 
 7.66000000e-01  1.25753317e+00 
 7.67000000e-01  1.25324396e+00 
 7.68000000e-01  1.24877841e+00 
 7.69000000e-01  1.24412299e+00 
 7.70000000e-01  1.23926275e+00 
 7.71000000e-01  1.23418117e+00 
 7.72000000e-01  1.22885997e+00 
 7.73000000e-01  1.22327887e+00 
 7.74000000e-01  1.21741537e+00 
 7.75000000e-01  1.21124452e+00 
 7.76000000e-01  1.20473857e+00 
 7.77000000e-01  1.19786674e+00 
 7.78000000e-01  1.19059483e+00 
 7.79000000e-01  1.18288495e+00 
 7.80000000e-01  1.17469518e+00 
 7.81000000e-01  1.16597926e+00 
 7.82000000e-01  1.15668639e+00 
 7.83000000e-01  1.14676104e+00 
 7.84000000e-01  1.13614296e+00 
 7.85000000e-01  1.12476731e+00 
 7.86000000e-01  1.11256508e+00 
 7.87000000e-01  1.09946368e+00 
 7.88000000e-01  1.08538782e+00 
 7.89000000e-01  1.07026068e+00 
 7.90000000e-01  1.05400502e+00 
 7.91000000e-01  1.03654441e+00 
 7.92000000e-01  1.01780408e+00 
 7.93000000e-01  9.97711436e-01 
 7.94000000e-01  9.76196168e-01 
 7.95000000e-01  9.53190348e-01 
 7.96000000e-01  9.28629688e-01 
 7.97000000e-01  9.02458181e-01 
 7.98000000e-01  8.74640130e-01 
 7.99000000e-01  8.45185385e-01 
 8.00000000e-01  8.13438107e-01 
 8.01000000e-01  7.81324377e-01 
 8.02000000e-01  7.48454774e-01 
 8.03000000e-01  7.15414924e-01 
 8.04000000e-01  6.82819038e-01 
 8.05000000e-01  6.51186382e-01 
 8.06000000e-01  6.20868177e-01 
 8.07000000e-01  5.92045042e-01 
 8.08000000e-01  5.64770045e-01 
 8.09000000e-01  5.39021488e-01 
 8.10000000e-01  5.14743888e-01 
 8.11000000e-01  4.91872397e-01 
 8.12000000e-01  4.70344259e-01 
 8.13000000e-01  4.50102314e-01 
 8.14000000e-01  4.31094398e-01 
 8.15000000e-01  4.13271092e-01 
 8.16000000e-01  3.96583214e-01 
 8.17000000e-01  3.80979855e-01 
 8.18000000e-01  3.66407263e-01 
 8.19000000e-01  3.52808633e-01 
 8.20000000e-01  3.40124632e-01 
 8.21000000e-01  3.28294406e-01 
 8.22000000e-01  3.17256808e-01 
 8.23000000e-01  3.06951611e-01 
 8.24000000e-01  2.97320570e-01 
 8.25000000e-01  2.88308235e-01 
 8.26000000e-01  2.79862525e-01 
 8.27000000e-01  2.71683878e-01 
 8.28000000e-01  2.64264818e-01 
 8.29000000e-01  2.57261467e-01 
 8.30000000e-01  2.50652992e-01 
 8.31000000e-01  2.44405015e-01 
 8.32000000e-01  2.38487255e-01 
 8.33000000e-01  2.32872349e-01 
 8.34000000e-01  2.27535628e-01 
 8.35000000e-01  2.22454852e-01 
 8.36000000e-01  2.17609968e-01 
 8.37000000e-01  2.12982883e-01 
 8.38000000e-01  2.08557254e-01 
 8.39000000e-01  2.04318303e-01 
 8.40000000e-01  2.00252653e-01 
 8.41000000e-01  1.96348170e-01 
 8.42000000e-01  1.92593839e-01 
 8.43000000e-01  1.88979635e-01 
 8.44000000e-01  1.85496429e-01 
 8.45000000e-01  1.82135885e-01 
 8.46000000e-01  1.78890385e-01 
 8.47000000e-01  1.75752951e-01 
 8.48000000e-01  1.72717182e-01 
 8.49000000e-01  1.69777198e-01 
 8.50000000e-01  1.66927585e-01 
 8.51000000e-01  1.64163354e-01 
 8.52000000e-01  1.61479900e-01 
 8.53000000e-01  1.58872961e-01 
 8.54000000e-01  1.56338594e-01 
 8.55000000e-01  1.53873141e-01 
 8.56000000e-01  1.51473203e-01 
 8.57000000e-01  1.49135619e-01 
 8.58000000e-01  1.46857448e-01 
 8.59000000e-01  1.44635944e-01 
 8.60000000e-01  1.42468544e-01 
 8.61000000e-01  1.40352852e-01 
 8.62000000e-01  1.38286625e-01 
 8.63000000e-01  1.36267762e-01 
 8.64000000e-01  1.34294290e-01 
 8.65000000e-01  1.32364357e-01 
 8.66000000e-01  1.30476221e-01 
 8.67000000e-01  1.28628242e-01 
 8.68000000e-01  1.26818875e-01 
 8.69000000e-01  1.25046664e-01 
 8.70000000e-01  1.23310233e-01 
 8.71000000e-01  1.21608281e-01 
 8.72000000e-01  1.19939579e-01 
 8.73000000e-01  1.18302963e-01 
 8.74000000e-01  1.16697329e-01 
 8.75000000e-01  1.15121632e-01 
 8.76000000e-01  1.13574879e-01 
 8.77000000e-01  1.12056126e-01 
 8.78000000e-01  1.10564477e-01 
 8.79000000e-01  1.09099080e-01 
 8.80000000e-01  1.07659122e-01 
 8.81000000e-01  1.06243830e-01 
 8.82000000e-01  1.04852465e-01 
 8.83000000e-01  1.03484326e-01 
 8.84000000e-01  1.02138738e-01 
 8.85000000e-01  1.00815062e-01 
 8.86000000e-01  9.95126835e-02 
 8.87000000e-01  9.82310154e-02 
 8.88000000e-01  9.69694964e-02 
 8.89000000e-01  9.57275886e-02 
 8.90000000e-01  9.45047765e-02 
 8.91000000e-01  9.33005662e-02 
 8.92000000e-01  9.21144834e-02 
 8.93000000e-01  9.09460733e-02 
 8.94000000e-01  8.97948990e-02 
 8.95000000e-01  8.86605405e-02 
 8.96000000e-01  8.75425944e-02 
 8.97000000e-01  8.64406725e-02 
 8.98000000e-01  8.53544013e-02 
 8.99000000e-01  8.42834211e-02 
 9.00000000e-01  8.32273857e-02 
 9.01000000e-01  8.21859614e-02 
 9.02000000e-01  8.11588263e-02 
 9.03000000e-01  8.01456702e-02 
 9.04000000e-01  7.91461938e-02 
 9.05000000e-01  7.81601079e-02 
 9.06000000e-01  7.71871335e-02 
 9.07000000e-01  7.62270011e-02 
 9.08000000e-01  7.52794499e-02 
 9.09000000e-01  7.43442281e-02 
 9.10000000e-01  7.34210920e-02 
 9.11000000e-01  7.25098059e-02 
 9.12000000e-01  7.16101415e-02 
 9.13000000e-01  7.07218779e-02 
 9.14000000e-01  6.98448010e-02 
 9.15000000e-01  6.89787034e-02 
 9.16000000e-01  6.81233842e-02 
 9.17000000e-01  6.72786483e-02 
 9.18000000e-01  6.64443067e-02 
 9.19000000e-01  6.56201761e-02 
 9.20000000e-01  6.48060782e-02 
 9.21000000e-01  6.40018404e-02 
 9.22000000e-01  6.32072946e-02 
 9.23000000e-01  6.24222779e-02 
 9.24000000e-01  6.16466317e-02 
 9.25000000e-01  6.08802019e-02 
 9.26000000e-01  6.01228388e-02 
 9.27000000e-01  5.93743966e-02 
 9.28000000e-01  5.86347336e-02 
 9.29000000e-01  5.79037118e-02 
 9.30000000e-01  5.71811970e-02 
 9.31000000e-01  5.64670583e-02 
 9.32000000e-01  5.57611685e-02 
 9.33000000e-01  5.50634034e-02 
 9.34000000e-01  5.43736421e-02 
 9.35000000e-01  5.36917668e-02 
 9.36000000e-01  5.30176626e-02 
 9.37000000e-01  5.23512175e-02 
 9.38000000e-01  5.16923220e-02 
 9.39000000e-01  5.10408696e-02 
 9.40000000e-01  5.03967561e-02 
 9.41000000e-01  4.97598801e-02 
 9.42000000e-01  4.91301422e-02 
 9.43000000e-01  4.85074456e-02 
 9.44000000e-01  4.78916956e-02 
 9.45000000e-01  4.72827998e-02 
 9.46000000e-01  4.66806679e-02 
 9.47000000e-01  4.60852114e-02 
 9.48000000e-01  4.54963440e-02 
 9.49000000e-01  4.49139813e-02 
 9.50000000e-01  4.43380407e-02 
 9.51000000e-01  4.37684413e-02 
 9.52000000e-01  4.32051041e-02 
 9.53000000e-01  4.26479516e-02 
 9.54000000e-01  4.20969082e-02 
 9.55000000e-01  4.15518995e-02 
 9.56000000e-01  4.10128531e-02 
 9.57000000e-01  4.04796977e-02 
 9.58000000e-01  3.99523636e-02 
 9.59000000e-01  3.94307825e-02 
 9.60000000e-01  3.89148874e-02 
 9.61000000e-01  3.84046127e-02 
 9.62000000e-01  3.78998942e-02 
 9.63000000e-01  3.74006686e-02 
 9.64000000e-01  3.69068741e-02 
 9.65000000e-01  3.64184500e-02 
 9.66000000e-01  3.59353367e-02 
 9.67000000e-01  3.54574758e-02 
 9.68000000e-01  3.49848100e-02 
 9.69000000e-01  3.45172828e-02 
 9.70000000e-01  3.40548390e-02 
 9.71000000e-01  3.35974243e-02 
 9.72000000e-01  3.31449853e-02 
 9.73000000e-01  3.26974697e-02 
 9.74000000e-01  3.22548260e-02 
 9.75000000e-01  3.18170036e-02 
 9.76000000e-01  3.13839528e-02 
 9.77000000e-01  3.09556247e-02 
 9.78000000e-01  3.05319712e-02 
 9.79000000e-01  3.01129452e-02 
 9.80000000e-01  2.96985001e-02 
 9.81000000e-01  2.92885902e-02 
 9.82000000e-01  2.88831706e-02 
 9.83000000e-01  2.84821970e-02 
 9.84000000e-01  2.80856258e-02 
 9.85000000e-01  2.76934142e-02 
 9.86000000e-01  2.73055200e-02 
 9.87000000e-01  2.69219016e-02 
 9.88000000e-01  2.65425182e-02 
 9.89000000e-01  2.61673294e-02 
 9.90000000e-01  2.57962955e-02 
 9.91000000e-01  2.54293774e-02 
 9.92000000e-01  2.50665366e-02 
 9.93000000e-01  2.47077351e-02 
 9.94000000e-01  2.43529355e-02 
 9.95000000e-01  2.40021008e-02 
 9.96000000e-01  2.36551947e-02 
 9.97000000e-01  2.33121812e-02 
 9.98000000e-01  2.29730251e-02 
 9.99000000e-01  2.26376913e-02 
 1.00000000e+00  2.23061455e-02 
 1.00100000e+00  2.19783536e-02 
 1.00200000e+00  2.16542821e-02 
 1.00300000e+00  2.13338978e-02 
 1.00400000e+00  2.10171682e-02 
 1.00500000e+00  2.07040609e-02 
 1.00600000e+00  2.03945441e-02 
 1.00700000e+00  2.00885862e-02 
 1.00800000e+00  1.97861562e-02 
 1.00900000e+00  1.94872234e-02 
 1.01000000e+00  1.91917574e-02 
 1.01100000e+00  1.88997282e-02 
 1.01200000e+00  1.86111062e-02 
 1.01300000e+00  1.83258620e-02 
 1.01400000e+00  1.80439667e-02 
 1.01500000e+00  1.77653916e-02 
 1.01600000e+00  1.74901084e-02 
 1.01700000e+00  1.72180889e-02 
 1.01800000e+00  1.69493056e-02 
 1.01900000e+00  1.66837309e-02 
 1.02000000e+00  1.64213376e-02 
 1.02100000e+00  1.61620988e-02 
 1.02200000e+00  1.59059880e-02 
 1.02300000e+00  1.56529788e-02 
 1.02400000e+00  1.54030451e-02 
 1.02500000e+00  1.51561609e-02 
 1.02600000e+00  1.49123008e-02 
 1.02700000e+00  1.46714392e-02 
 1.02800000e+00  1.44335511e-02 
 1.02900000e+00  1.41986116e-02 
 1.03000000e+00  1.39665959e-02 
 1.03100000e+00  1.37374795e-02 
 1.03200000e+00  1.35112382e-02 
 1.03300000e+00  1.32878478e-02 
 1.03400000e+00  1.30672844e-02 
 1.03500000e+00  1.28495245e-02 
 1.03600000e+00  1.26345443e-02 
 1.03700000e+00  1.24223206e-02 
 1.03800000e+00  1.22128303e-02 
 1.03900000e+00  1.20060502e-02 
 1.04000000e+00  1.18019576e-02 
 1.04100000e+00  1.16005298e-02 
 1.04200000e+00  1.14017443e-02 
 1.04300000e+00  1.12055786e-02 
 1.04400000e+00  1.10120106e-02 
 1.04500000e+00  1.08210182e-02 
 1.04600000e+00  1.06325794e-02 
 1.04700000e+00  1.04466723e-02 
 1.04800000e+00  1.02632754e-02 
 1.04900000e+00  1.00823669e-02 
 1.05000000e+00  9.90392550e-03 
 1.05100000e+00  9.72792981e-03 
 1.05200000e+00  9.55435861e-03 
 1.05300000e+00  9.38319077e-03 
 1.05400000e+00  9.21440528e-03 
 1.05500000e+00  9.04798121e-03 
 1.05600000e+00  8.88389776e-03 
 1.05700000e+00  8.72213417e-03 
 1.05800000e+00  8.56266983e-03 
 1.05900000e+00  8.40548418e-03 
 1.06000000e+00  8.25055675e-03 
 1.06100000e+00  8.09786716e-03 
 1.06200000e+00  7.94739508e-03 
 1.06300000e+00  7.79912030e-03 
 1.06400000e+00  7.65302264e-03 
 1.06500000e+00  7.50908200e-03 
 1.06600000e+00  7.36727837e-03 
 1.06700000e+00  7.22759177e-03 
 1.06800000e+00  7.09000230e-03 
 1.06900000e+00  6.95449012e-03 
 1.07000000e+00  6.82103544e-03 
 1.07100000e+00  6.68961852e-03 
 1.07200000e+00  6.56021970e-03 
 1.07300000e+00  6.43281933e-03 
 1.07400000e+00  6.30739785e-03 
 1.07500000e+00  6.18393572e-03 
 1.07600000e+00  6.06241345e-03 
 1.07700000e+00  5.94281160e-03 
 1.07800000e+00  5.82511077e-03 
 1.07900000e+00  5.70929162e-03 
 1.08000000e+00  5.59533482e-03 
 1.08100000e+00  5.48322109e-03 
 1.08200000e+00  5.37293121e-03 
 1.08300000e+00  5.26444597e-03 
 1.08400000e+00  5.15774622e-03 
 1.08500000e+00  5.05281283e-03 
 1.08600000e+00  4.94962671e-03 
 1.08700000e+00  4.84816881e-03 
 1.08800000e+00  4.74842012e-03 
 1.08900000e+00  4.65036167e-03 
 1.09000000e+00  4.55397450e-03 
 1.09100000e+00  4.45923972e-03 
 1.09200000e+00  4.36613846e-03 
 1.09300000e+00  4.27465189e-03 
 1.09400000e+00  4.18476121e-03 
 1.09500000e+00  4.09644768e-03 
 1.09600000e+00  4.00969257e-03 
 1.09700000e+00  3.92447722e-03 
 1.09800000e+00  3.84078299e-03 
 1.09900000e+00  3.75859130e-03 
 1.10000000e+00  3.67788359e-03 
 1.10100000e+00  3.59864138e-03 
 1.10200000e+00  3.52084621e-03 
 1.10300000e+00  3.44447967e-03 
 1.10400000e+00  3.36952341e-03 
 1.10500000e+00  3.29595914e-03 
 1.10600000e+00  3.22376860e-03 
 1.10700000e+00  3.15293361e-03 
 1.10800000e+00  3.08343603e-03 
 1.10900000e+00  3.01525780e-03 
 1.11000000e+00  2.94838091e-03 
 1.11100000e+00  2.88278742e-03 
 1.11200000e+00  2.81845945e-03 
 1.11300000e+00  2.75537920e-03 
 1.11400000e+00  2.69352895e-03 
 1.11500000e+00  2.63289103e-03 
 1.11600000e+00  2.57344788e-03 
 1.11700000e+00  2.51518200e-03 
 1.11800000e+00  2.45807599e-03 
 1.11900000e+00  2.40211252e-03 
 1.12000000e+00  2.34727435e-03 
 1.12100000e+00  2.29354437e-03 
 1.12200000e+00  2.24090551e-03 
 1.12300000e+00  2.18934085e-03 
 1.12400000e+00  2.13883353e-03 
 1.12500000e+00  2.08936684e-03 
 1.12600000e+00  2.04092413e-03 
 1.12700000e+00  1.99348890e-03 
 1.12800000e+00  1.94704474e-03 
 1.12900000e+00  1.90157538e-03 
 1.13000000e+00  1.85706465e-03 
 1.13100000e+00  1.81349650e-03 
 1.13200000e+00  1.77085504e-03 
 1.13300000e+00  1.72912446e-03 
 1.13400000e+00  1.68828913e-03 
 1.13500000e+00  1.64833352e-03 
 1.13600000e+00  1.60924225e-03 
 1.13700000e+00  1.57100008e-03 
 1.13800000e+00  1.53359191e-03 
 1.13900000e+00  1.49700279e-03 
 1.14000000e+00  1.46121791e-03 
 1.14100000e+00  1.42622262e-03 
 1.14200000e+00  1.39200241e-03 
 1.14300000e+00  1.35854293e-03 
 1.14400000e+00  1.32582999e-03 
 1.14500000e+00  1.29384955e-03 
 1.14600000e+00  1.26258772e-03 
 1.14700000e+00  1.23203081e-03 
 1.14800000e+00  1.20216525e-03 
 1.14900000e+00  1.17297765e-03 
 1.15000000e+00  1.14445480e-03 
 1.15100000e+00  1.11658365e-03 
 1.15200000e+00  1.08935129e-03 
 1.15300000e+00  1.06274503e-03 
 1.15400000e+00  1.03675232e-03 
 1.15500000e+00  1.01136077e-03 
 1.15600000e+00  9.86558192e-04 
 1.15700000e+00  9.62332555e-04 
 1.15800000e+00  9.38672004e-04 
 1.15900000e+00  9.15564855e-04 
 1.16000000e+00  8.92999602e-04 
 1.16100000e+00  8.70964910e-04 
 1.16200000e+00  8.49449619e-04 
 1.16300000e+00  8.28442743e-04 
 1.16400000e+00  8.07933472e-04 
 1.16500000e+00  7.87911165e-04 
 1.16600000e+00  7.68365358e-04 
 1.16700000e+00  7.49285759e-04 
 1.16800000e+00  7.30662247e-04 
 1.16900000e+00  7.12484873e-04 
 1.17000000e+00  6.94743859e-04 
 1.17100000e+00  6.77429597e-04 
 1.17200000e+00  6.60532647e-04 
 1.17300000e+00  6.44043737e-04 
 1.17400000e+00  6.27953763e-04 
 1.17500000e+00  6.12253785e-04 
 1.17600000e+00  5.96935027e-04 
 1.17700000e+00  5.81988878e-04 
 1.17800000e+00  5.67406887e-04 
 1.17900000e+00  5.53180763e-04 
 1.18000000e+00  5.39302374e-04 
 1.18100000e+00  5.25763745e-04 
 1.18200000e+00  5.12557057e-04 
 1.18300000e+00  4.99674644e-04 
 1.18400000e+00  4.87108991e-04 
 1.18500000e+00  4.74852734e-04 
 1.18600000e+00  4.62898659e-04 
 1.18700000e+00  4.51239695e-04 
 1.18800000e+00  4.39868920e-04 
 1.18900000e+00  4.28779550e-04 
 1.19000000e+00  4.17964946e-04 
 1.19100000e+00  4.07418606e-04 
 1.19200000e+00  3.97134164e-04 
 1.19300000e+00  3.87105390e-04 
 1.19400000e+00  3.77326186e-04 
 1.19500000e+00  3.67790587e-04 
 1.19600000e+00  3.58492755e-04 
 1.19700000e+00  3.49426978e-04 
 1.19800000e+00  3.40587671e-04 
 1.19900000e+00  3.31969369e-04 
 1.20000000e+00  3.23566730e-04 
 1.20100000e+00  3.15374528e-04 
 1.20200000e+00  3.07387657e-04 
 1.20300000e+00  2.99601122e-04 
 1.20400000e+00  2.92010042e-04 
 1.20500000e+00  2.84609646e-04 
 1.20600000e+00  2.77395272e-04 
 1.20700000e+00  2.70362364e-04 
 1.20800000e+00  2.63506469e-04 
 1.20900000e+00  2.56823238e-04 
 1.21000000e+00  2.50308422e-04 
 1.21100000e+00  2.43957871e-04 
 1.21200000e+00  2.37767530e-04 
 1.21300000e+00  2.31733440e-04 
 1.21400000e+00  2.25851733e-04 
 1.21500000e+00  2.20118635e-04 
 1.21600000e+00  2.14530457e-04 
 1.21700000e+00  2.09083599e-04 
 1.21800000e+00  2.03774548e-04 
 1.21900000e+00  1.98599872e-04 
 1.22000000e+00  1.93556222e-04 
 1.22100000e+00  1.88640329e-04 
 1.22200000e+00  1.83849001e-04 
 1.22300000e+00  1.79179125e-04 
 1.22400000e+00  1.74627661e-04 
 1.22500000e+00  1.70191645e-04 
 1.22600000e+00  1.65868180e-04 
 1.22700000e+00  1.61654445e-04 
 1.22800000e+00  1.57547682e-04 
 1.22900000e+00  1.53545205e-04 
 1.23000000e+00  1.49644390e-04 
 1.23100000e+00  1.45842680e-04 
 1.23200000e+00  1.42137577e-04 
 1.23300000e+00  1.38526648e-04 
 1.23400000e+00  1.35007518e-04 
 1.23500000e+00  1.31577870e-04 
 1.23600000e+00  1.28235445e-04 
 1.23700000e+00  1.24978039e-04 
 1.23800000e+00  1.21803504e-04 
 1.23900000e+00  1.18709743e-04 
 1.24000000e+00  1.15694713e-04 
 1.24100000e+00  1.12756421e-04 
 1.24200000e+00  1.09892922e-04 
 1.24300000e+00  1.07102323e-04 
 1.24400000e+00  1.04382775e-04 
 1.24500000e+00  1.01732475e-04 
 1.24600000e+00  9.91496679e-05 
 1.24700000e+00  9.66326399e-05 
 1.24800000e+00  9.41797211e-05 
 1.24900000e+00  9.17892832e-05 
 1.25000000e+00  8.94597389e-05 
 1.25100000e+00  8.71895406e-05 
 1.25200000e+00  8.49771795e-05 
 1.25300000e+00  8.28211850e-05 
 1.25400000e+00  8.07201232e-05 
 1.25500000e+00  7.86725966e-05 
 1.25600000e+00  7.66772427e-05 
 1.25700000e+00  7.47327334e-05 
 1.25800000e+00  7.28377742e-05 
 1.25900000e+00  7.09911033e-05 
 1.26000000e+00  6.91914907e-05 
 1.26100000e+00  6.74377374e-05 
 1.26200000e+00  6.57286750e-05 
 1.26300000e+00  6.40631645e-05 
 1.26400000e+00  6.24400958e-05 
 1.26500000e+00  6.08583869e-05 
 1.26600000e+00  5.93169832e-05 
 1.26700000e+00  5.78148571e-05 
 1.26800000e+00  5.63510067e-05 
 1.26900000e+00  5.49244557e-05 
 1.27000000e+00  5.35342528e-05 
 1.27100000e+00  5.21794706e-05 
 1.27200000e+00  5.08592054e-05 
 1.27300000e+00  4.95725764e-05 
 1.27400000e+00  4.83187253e-05 
 1.27500000e+00  4.70968155e-05 
 1.27600000e+00  4.59060320e-05 
 1.27700000e+00  4.47455801e-05 
 1.27800000e+00  4.36146859e-05 
 1.27900000e+00  4.25125946e-05 
 1.28000000e+00  4.14385711e-05 
 1.28100000e+00  4.03918990e-05 
 1.28200000e+00  3.93718798e-05 
 1.28300000e+00  3.83778332e-05 
 1.28400000e+00  3.74090962e-05 
 1.28500000e+00  3.64650225e-05 
 1.28600000e+00  3.55449826e-05 
 1.28700000e+00  3.46483627e-05 
 1.28800000e+00  3.37745650e-05 
 1.28900000e+00  3.29230068e-05 
 1.29000000e+00  3.20931203e-05 
 1.29100000e+00  3.12843523e-05 
 1.29200000e+00  3.04961635e-05 
 1.29300000e+00  2.97280287e-05 
 1.29400000e+00  2.89794359e-05 
 1.29500000e+00  2.82498861e-05 
 1.29600000e+00  2.75388933e-05 
 1.29700000e+00  2.68459839e-05 
 1.29800000e+00  2.61706961e-05 
 1.29900000e+00  2.55125803e-05 
 1.30000000e+00  2.48711981e-05 
 1.30100000e+00  2.42461225e-05 
 1.30200000e+00  2.36369373e-05 
 1.30300000e+00  2.30432370e-05 
 1.30400000e+00  2.24646264e-05 
 1.30500000e+00  2.19007206e-05 
 1.30600000e+00  2.13511442e-05 
 1.30700000e+00  2.08155318e-05 
 1.30800000e+00  2.02935270e-05 
 1.30900000e+00  1.97847827e-05 
 1.31000000e+00  1.92889608e-05 
 1.31100000e+00  1.88057315e-05 
 1.31200000e+00  1.83347736e-05 
 1.31300000e+00  1.78757744e-05 
 1.31400000e+00  1.74284287e-05 
 1.31500000e+00  1.69924394e-05 
 1.31600000e+00  1.65675170e-05 
 1.31700000e+00  1.61533793e-05 
 1.31800000e+00  1.57497515e-05 
 1.31900000e+00  1.53563655e-05 
 1.32000000e+00  1.49729603e-05 
 1.32100000e+00  1.45992817e-05 
 1.32200000e+00  1.42350816e-05 
 1.32300000e+00  1.38801186e-05 
 1.32400000e+00  1.35341574e-05 
 1.32500000e+00  1.31969686e-05 
 1.32600000e+00  1.28683287e-05 
 1.32700000e+00  1.25480200e-05 
 1.32800000e+00  1.22358302e-05 
 1.32900000e+00  1.19315528e-05 
 1.33000000e+00  1.16349860e-05 
 1.33100000e+00  1.13459337e-05 
 1.33200000e+00  1.10642046e-05 
 1.33300000e+00  1.07896121e-05 
 1.33400000e+00  1.05219748e-05 
 1.33500000e+00  1.02611154e-05 
 1.33600000e+00  1.00068617e-05 
 1.33700000e+00  9.75904540e-06 
 1.33800000e+00  9.51750285e-06 
 1.33900000e+00  9.28207442e-06 
 1.34000000e+00  9.05260458e-06 
 1.34100000e+00  8.82894180e-06 
 1.34200000e+00  8.61093838e-06 
 1.34300000e+00  8.39845044e-06 
 1.34400000e+00  8.19133774e-06 
 1.34500000e+00  7.98946364e-06 
 1.34600000e+00  7.79269498e-06 
 1.34700000e+00  7.60090201e-06 
 1.34800000e+00  7.41395827e-06 
 1.34900000e+00  7.23174056e-06 
 1.35000000e+00  7.05412880e-06 
 1.35100000e+00  6.88100599e-06 
 1.35200000e+00  6.71225811e-06 
 1.35300000e+00  6.54777405e-06 
 1.35400000e+00  6.38744553e-06 
 1.35500000e+00  6.23116704e-06 
 1.35600000e+00  6.07883577e-06 
 1.35700000e+00  5.93035151e-06 
 1.35800000e+00  5.78561663e-06 
 1.35900000e+00  5.64453597e-06 
 1.36000000e+00  5.50701682e-06 
 1.36100000e+00  5.37296880e-06 
 1.36200000e+00  5.24230387e-06 
 1.36300000e+00  5.11493621e-06 
 1.36400000e+00  4.99078220e-06 
 1.36500000e+00  4.86976035e-06 
 1.36600000e+00  4.75179124e-06 
 1.36700000e+00  4.63679749e-06 
 1.36800000e+00  4.52470366e-06 
 1.36900000e+00  4.41543627e-06 
 1.37000000e+00  4.30892369e-06 
 1.37100000e+00  4.20509612e-06 
 1.37200000e+00  4.10388552e-06 
 1.37300000e+00  4.00522563e-06 
 1.37400000e+00  3.90905182e-06 
 1.37500000e+00  3.81530114e-06 
 1.37600000e+00  3.72391223e-06 
 1.37700000e+00  3.63482531e-06 
 1.37800000e+00  3.54798209e-06 
 1.37900000e+00  3.46332580e-06 
 1.38000000e+00  3.38080108e-06 
 1.38100000e+00  3.30035400e-06 
 1.38200000e+00  3.22193199e-06 
 1.38300000e+00  3.14548383e-06 
 1.38400000e+00  3.07095960e-06 
 1.38500000e+00  2.99831063e-06 
 1.38600000e+00  2.92748952e-06 
 1.38700000e+00  2.85845005e-06 
 1.38800000e+00  2.79114717e-06 
 1.38900000e+00  2.72553701e-06 
 1.39000000e+00  2.66157678e-06 
 1.39100000e+00  2.59922479e-06 
 1.39200000e+00  2.53844042e-06 
 1.39300000e+00  2.47918406e-06 
 1.39400000e+00  2.42141712e-06 
 1.39500000e+00  2.36510198e-06 
 1.39600000e+00  2.31020200e-06 
 1.39700000e+00  2.25668144e-06 
 1.39800000e+00  2.20450549e-06 
 1.39900000e+00  2.15364020e-06 
 1.40000000e+00  2.10405251e-06 
 1.40100000e+00  2.05571018e-06 
 1.40200000e+00  2.00858180e-06 
 1.40300000e+00  1.96263674e-06 
 1.40400000e+00  1.91784516e-06 
 1.40500000e+00  1.87417797e-06 
 1.40600000e+00  1.83160683e-06 
 1.40700000e+00  1.79010411e-06 
 1.40800000e+00  1.74964288e-06 
 1.40900000e+00  1.71019689e-06 
 1.41000000e+00  1.67174057e-06 
 1.41100000e+00  1.63424897e-06 
 1.41200000e+00  1.59769781e-06 
 1.41300000e+00  1.56206339e-06 
 1.41400000e+00  1.52732264e-06 
 1.41500000e+00  1.49345304e-06 
 1.41600000e+00  1.46043268e-06 
 1.41700000e+00  1.42824018e-06 
 1.41800000e+00  1.39685471e-06 
 1.41900000e+00  1.36625595e-06 
 1.42000000e+00  1.33642413e-06 
 1.42100000e+00  1.30733994e-06 
 1.42200000e+00  1.27898459e-06 
 1.42300000e+00  1.25133975e-06 
 1.42400000e+00  1.22438756e-06 
 1.42500000e+00  1.19811061e-06 
 1.42600000e+00  1.17249193e-06 
 1.42700000e+00  1.14751498e-06 
 1.42800000e+00  1.12316363e-06 
 1.42900000e+00  1.09942217e-06 
 1.43000000e+00  1.07627529e-06 
 1.43100000e+00  1.05370805e-06 
 1.43200000e+00  1.03170590e-06 
 1.43300000e+00  1.01025466e-06 
 1.43400000e+00  9.89340494e-07 
 1.43500000e+00  9.68949937e-07 
 1.43600000e+00  9.49069847e-07 
 1.43700000e+00  9.29687421e-07 
 1.43800000e+00  9.10790176e-07 
 1.43900000e+00  8.92365949e-07 
 1.44000000e+00  8.74402879e-07 
 1.44100000e+00  8.56889409e-07 
 1.44200000e+00  8.39814271e-07 
 1.44300000e+00  8.23166483e-07 
 1.44400000e+00  8.06935338e-07 
 1.44500000e+00  7.91110402e-07 
 1.44600000e+00  7.75681503e-07 
 1.44700000e+00  7.60638725e-07 
 1.44800000e+00  7.45972404e-07 
 1.44900000e+00  7.31673118e-07 
 1.45000000e+00  7.17731684e-07 
 1.45100000e+00  7.04139149e-07 
 1.45200000e+00  6.90886789e-07 
 1.45300000e+00  6.77966094e-07 
 1.45400000e+00  6.65368776e-07 
 1.45500000e+00  6.53086751e-07 
 1.45600000e+00  6.41112140e-07 
 1.45700000e+00  6.29437262e-07 
 1.45800000e+00  6.18054631e-07 
 1.45900000e+00  6.06956949e-07 
 1.46000000e+00  5.96137101e-07 
 1.46100000e+00  5.85588151e-07 
 1.46200000e+00  5.75303342e-07 
 1.46300000e+00  5.65276081e-07 
 1.46400000e+00  5.55499944e-07 
 1.46500000e+00  5.45968670e-07 
 1.46600000e+00  5.36676154e-07 
 1.46700000e+00  5.27616444e-07 
 1.46800000e+00  5.18783740e-07 
 1.46900000e+00  5.10172386e-07 
 1.47000000e+00  5.01776870e-07 
 1.47100000e+00  4.93591817e-07 
 1.47200000e+00  4.85611989e-07 
 1.47300000e+00  4.77832278e-07 
 1.47400000e+00  4.70247707e-07 
 1.47500000e+00  4.62853421e-07 
 1.47600000e+00  4.55644690e-07 
 1.47700000e+00  4.48616901e-07 
 1.47800000e+00  4.41765557e-07 
 1.47900000e+00  4.35086277e-07 
 1.48000000e+00  4.28574786e-07 
 1.48100000e+00  4.22226919e-07 
 1.48200000e+00  4.16038616e-07 
 1.48300000e+00  4.10005917e-07 
 1.48400000e+00  4.04124963e-07 
 1.48500000e+00  3.98391993e-07 
 1.48600000e+00  3.92803337e-07 
 1.48700000e+00  3.87355421e-07 
 1.48800000e+00  3.82044760e-07 
 1.48900000e+00  3.76867954e-07 
 1.49000000e+00  3.71821691e-07 
 1.49100000e+00  3.66902741e-07 
 1.49200000e+00  3.62107956e-07 
 1.49300000e+00  3.57434267e-07 
 1.49400000e+00  3.52878680e-07 
 1.49500000e+00  3.48438280e-07 
 1.49600000e+00  3.44110221e-07 
 1.49700000e+00  3.39891732e-07 
 1.49800000e+00  3.35780110e-07 
 1.49900000e+00  3.31772719e-07 
 1.50000000e+00  3.27866990e-07 
